# X Y Z
-2 -2 27,04
-2 -1,9 24,3139
-2 -1,8 22,0088
-2 -1,7 20,0803
-2 -1,6 18,4864
-2 -1,5 17,1875
-2 -1,4 16,1464
-2 -1,3 15,3283
-2 -1,2 14,7008
-2 -1,1 14,2339
-2 -1 13,9
-2 -0,9 13,6739
-2 -0,8 13,5328
-2 -0,7 13,4563
-2 -0,6 13,4264
-2 -0,5 13,4275
-2 -0,4 13,4464
-2 -0,3 13,4723
-2 -0,2 13,4968
-2 -0,1 13,5139
-2 0 13,52
-2 0,1 13,5139
-2 0,2 13,4968
-2 0,3 13,4723
-2 0,4 13,4464
-2 0,5 13,4275
-2 0,6 13,4264
-2 0,7 13,4563
-2 0,8 13,5328
-2 0,9 13,6739
-2 1 13,9
-2 1,1 14,2339
-2 1,2 14,7008
-2 1,3 15,3283
-2 1,4 16,1464
-2 1,5 17,1875
-2 1,6 18,4864
-2 1,7 20,0803
-2 1,8 22,0088
-2 1,9 24,3139
-2 2 27,04

-1,9 -2 24,3139
-1,9 -1,9 21,5878
-1,9 -1,8 19,2827
-1,9 -1,7 17,3542
-1,9 -1,6 15,7603
-1,9 -1,5 14,4614
-1,9 -1,4 13,4203
-1,9 -1,3 12,6022
-1,9 -1,2 11,9747
-1,9 -1,1 11,5078
-1,9 -1 11,1739
-1,9 -0,9 10,9478
-1,9 -0,8 10,8067
-1,9 -0,7 10,7302
-1,9 -0,6 10,7003
-1,9 -0,5 10,7014
-1,9 -0,4 10,7203
-1,9 -0,3 10,7462
-1,9 -0,2 10,7707
-1,9 -0,1 10,7878
-1,9 0 10,7939
-1,9 0,1 10,7878
-1,9 0,2 10,7707
-1,9 0,3 10,7462
-1,9 0,4 10,7203
-1,9 0,5 10,7014
-1,9 0,6 10,7003
-1,9 0,7 10,7302
-1,9 0,8 10,8067
-1,9 0,9 10,9478
-1,9 1 11,1739
-1,9 1,1 11,5078
-1,9 1,2 11,9747
-1,9 1,3 12,6022
-1,9 1,4 13,4203
-1,9 1,5 14,4614
-1,9 1,6 15,7603
-1,9 1,7 17,3542
-1,9 1,8 19,2827
-1,9 1,9 21,5878
-1,9 2 24,3139

-1,8 -2 22,0088
-1,8 -1,9 19,2827
-1,8 -1,8 16,9776
-1,8 -1,7 15,0491
-1,8 -1,6 13,4552
-1,8 -1,5 12,1563
-1,8 -1,4 11,1152
-1,8 -1,3 10,2971
-1,8 -1,2 9,6696
-1,8 -1,1 9,2027
-1,8 -1 8,8688
-1,8 -0,9 8,6427
-1,8 -0,8 8,5016
-1,8 -0,7 8,4251
-1,8 -0,6 8,3952
-1,8 -0,5 8,3963
-1,8 -0,4 8,4152
-1,8 -0,3 8,4411
-1,8 -0,2 8,4656
-1,8 -0,1 8,4827
-1,8 0 8,4888
-1,8 0,1 8,4827
-1,8 0,2 8,4656
-1,8 0,3 8,4411
-1,8 0,4 8,4152
-1,8 0,5 8,3963
-1,8 0,6 8,3952
-1,8 0,7 8,4251
-1,8 0,8 8,5016
-1,8 0,9 8,6427
-1,8 1 8,8688
-1,8 1,1 9,2027
-1,8 1,2 9,6696
-1,8 1,3 10,2971
-1,8 1,4 11,1152
-1,8 1,5 12,1563
-1,8 1,6 13,4552
-1,8 1,7 15,0491
-1,8 1,8 16,9776
-1,8 1,9 19,2827
-1,8 2 22,0088

-1,7 -2 20,0803
-1,7 -1,9 17,3542
-1,7 -1,8 15,0491
-1,7 -1,7 13,1206
-1,7 -1,6 11,5267
-1,7 -1,5 10,2278
-1,7 -1,4 9,1867
-1,7 -1,3 8,3686
-1,7 -1,2 7,7411
-1,7 -1,1 7,2742
-1,7 -1 6,9403
-1,7 -0,9 6,7142
-1,7 -0,8 6,5731
-1,7 -0,7 6,4966
-1,7 -0,6 6,4667
-1,7 -0,5 6,4678
-1,7 -0,4 6,4867
-1,7 -0,3 6,5126
-1,7 -0,2 6,5371
-1,7 -0,1 6,5542
-1,7 0 6,5603
-1,7 0,1 6,5542
-1,7 0,2 6,5371
-1,7 0,3 6,5126
-1,7 0,4 6,4867
-1,7 0,5 6,4678
-1,7 0,6 6,4667
-1,7 0,7 6,4966
-1,7 0,8 6,5731
-1,7 0,9 6,7142
-1,7 1 6,9403
-1,7 1,1 7,2742
-1,7 1,2 7,7411
-1,7 1,3 8,3686
-1,7 1,4 9,1867
-1,7 1,5 10,2278
-1,7 1,6 11,5267
-1,7 1,7 13,1206
-1,7 1,8 15,0491
-1,7 1,9 17,3542
-1,7 2 20,0803

-1,6 -2 18,4864
-1,6 -1,9 15,7603
-1,6 -1,8 13,4552
-1,6 -1,7 11,5267
-1,6 -1,6 9,9328
-1,6 -1,5 8,6339
-1,6 -1,4 7,5928
-1,6 -1,3 6,7747
-1,6 -1,2 6,1472
-1,6 -1,1 5,6803
-1,6 -1 5,3464
-1,6 -0,9 5,1203
-1,6 -0,8 4,9792
-1,6 -0,7 4,9027
-1,6 -0,6 4,8728
-1,6 -0,5 4,8739
-1,6 -0,4 4,8928
-1,6 -0,3 4,9187
-1,6 -0,2 4,9432
-1,6 -0,1 4,9603
-1,6 0 4,9664
-1,6 0,1 4,9603
-1,6 0,2 4,9432
-1,6 0,3 4,9187
-1,6 0,4 4,8928
-1,6 0,5 4,8739
-1,6 0,6 4,8728
-1,6 0,7 4,9027
-1,6 0,8 4,9792
-1,6 0,9 5,1203
-1,6 1 5,3464
-1,6 1,1 5,6803
-1,6 1,2 6,1472
-1,6 1,3 6,7747
-1,6 1,4 7,5928
-1,6 1,5 8,6339
-1,6 1,6 9,9328
-1,6 1,7 11,5267
-1,6 1,8 13,4552
-1,6 1,9 15,7603
-1,6 2 18,4864

-1,5 -2 17,1875
-1,5 -1,9 14,4614
-1,5 -1,8 12,1563
-1,5 -1,7 10,2278
-1,5 -1,6 8,6339
-1,5 -1,5 7,335
-1,5 -1,4 6,2939
-1,5 -1,3 5,4758
-1,5 -1,2 4,8483
-1,5 -1,1 4,3814
-1,5 -1 4,0475
-1,5 -0,9 3,8214
-1,5 -0,8 3,6803
-1,5 -0,7 3,6038
-1,5 -0,6 3,5739
-1,5 -0,5 3,575
-1,5 -0,4 3,5939
-1,5 -0,3 3,6198
-1,5 -0,2 3,6443
-1,5 -0,1 3,6614
-1,5 0 3,6675
-1,5 0,1 3,6614
-1,5 0,2 3,6443
-1,5 0,3 3,6198
-1,5 0,4 3,5939
-1,5 0,5 3,575
-1,5 0,6 3,5739
-1,5 0,7 3,6038
-1,5 0,8 3,6803
-1,5 0,9 3,8214
-1,5 1 4,0475
-1,5 1,1 4,3814
-1,5 1,2 4,8483
-1,5 1,3 5,4758
-1,5 1,4 6,2939
-1,5 1,5 7,335
-1,5 1,6 8,6339
-1,5 1,7 10,2278
-1,5 1,8 12,1563
-1,5 1,9 14,4614
-1,5 2 17,1875

-1,4 -2 16,1464
-1,4 -1,9 13,4203
-1,4 -1,8 11,1152
-1,4 -1,7 9,1867
-1,4 -1,6 7,5928
-1,4 -1,5 6,2939
-1,4 -1,4 5,2528
-1,4 -1,3 4,4347
-1,4 -1,2 3,8072
-1,4 -1,1 3,3403
-1,4 -1 3,0064
-1,4 -0,9 2,7803
-1,4 -0,8 2,6392
-1,4 -0,7 2,5627
-1,4 -0,6 2,5328
-1,4 -0,5 2,5339
-1,4 -0,4 2,5528
-1,4 -0,3 2,5787
-1,4 -0,2 2,6032
-1,4 -0,1 2,6203
-1,4 0 2,6264
-1,4 0,1 2,6203
-1,4 0,2 2,6032
-1,4 0,3 2,5787
-1,4 0,4 2,5528
-1,4 0,5 2,5339
-1,4 0,6 2,5328
-1,4 0,7 2,5627
-1,4 0,8 2,6392
-1,4 0,9 2,7803
-1,4 1 3,0064
-1,4 1,1 3,3403
-1,4 1,2 3,8072
-1,4 1,3 4,4347
-1,4 1,4 5,2528
-1,4 1,5 6,2939
-1,4 1,6 7,5928
-1,4 1,7 9,1867
-1,4 1,8 11,1152
-1,4 1,9 13,4203
-1,4 2 16,1464

-1,3 -2 15,3283
-1,3 -1,9 12,6022
-1,3 -1,8 10,2971
-1,3 -1,7 8,3686
-1,3 -1,6 6,7747
-1,3 -1,5 5,4758
-1,3 -1,4 4,4347
-1,3 -1,3 3,6166
-1,3 -1,2 2,9891
-1,3 -1,1 2,5222
-1,3 -1 2,1883
-1,3 -0,9 1,9622
-1,3 -0,8 1,8211
-1,3 -0,7 1,7446
-1,3 -0,6 1,7147
-1,3 -0,5 1,7158
-1,3 -0,4 1,7347
-1,3 -0,3 1,7606
-1,3 -0,2 1,7851
-1,3 -0,1 1,8022
-1,3 0 1,8083
-1,3 0,1 1,8022
-1,3 0,2 1,7851
-1,3 0,3 1,7606
-1,3 0,4 1,7347
-1,3 0,5 1,7158
-1,3 0,6 1,7147
-1,3 0,7 1,7446
-1,3 0,8 1,8211
-1,3 0,9 1,9622
-1,3 1 2,1883
-1,3 1,1 2,5222
-1,3 1,2 2,9891
-1,3 1,3 3,6166
-1,3 1,4 4,4347
-1,3 1,5 5,4758
-1,3 1,6 6,7747
-1,3 1,7 8,3686
-1,3 1,8 10,2971
-1,3 1,9 12,6022
-1,3 2 15,3283

-1,2 -2 14,7008
-1,2 -1,9 11,9747
-1,2 -1,8 9,6696
-1,2 -1,7 7,7411
-1,2 -1,6 6,1472
-1,2 -1,5 4,8483
-1,2 -1,4 3,8072
-1,2 -1,3 2,9891
-1,2 -1,2 2,3616
-1,2 -1,1 1,8947
-1,2 -1 1,5608
-1,2 -0,9 1,3347
-1,2 -0,8 1,1936
-1,2 -0,7 1,1171
-1,2 -0,6 1,0872
-1,2 -0,5 1,0883
-1,2 -0,4 1,1072
-1,2 -0,3 1,1331
-1,2 -0,2 1,1576
-1,2 -0,1 1,1747
-1,2 0 1,1808
-1,2 0,1 1,1747
-1,2 0,2 1,1576
-1,2 0,3 1,1331
-1,2 0,4 1,1072
-1,2 0,5 1,0883
-1,2 0,6 1,0872
-1,2 0,7 1,1171
-1,2 0,8 1,1936
-1,2 0,9 1,3347
-1,2 1 1,5608
-1,2 1,1 1,8947
-1,2 1,2 2,3616
-1,2 1,3 2,9891
-1,2 1,4 3,8072
-1,2 1,5 4,8483
-1,2 1,6 6,1472
-1,2 1,7 7,7411
-1,2 1,8 9,6696
-1,2 1,9 11,9747
-1,2 2 14,7008

-1,1 -2 14,2339
-1,1 -1,9 11,5078
-1,1 -1,8 9,2027
-1,1 -1,7 7,2742
-1,1 -1,6 5,6803
-1,1 -1,5 4,3814
-1,1 -1,4 3,3403
-1,1 -1,3 2,5222
-1,1 -1,2 1,8947
-1,1 -1,1 1,4278
-1,1 -1 1,0939
-1,1 -0,9 0,8678
-1,1 -0,8 0,7267
-1,1 -0,7 0,6502
-1,1 -0,6 0,6203
-1,1 -0,5 0,6214
-1,1 -0,4 0,6403
-1,1 -0,3 0,6662
-1,1 -0,2 0,6907
-1,1 -0,1 0,7078
-1,1 0 0,7139
-1,1 0,1 0,7078
-1,1 0,2 0,6907
-1,1 0,3 0,6662
-1,1 0,4 0,6403
-1,1 0,5 0,6214
-1,1 0,6 0,6203
-1,1 0,7 0,6502
-1,1 0,8 0,7267
-1,1 0,9 0,8678
-1,1 1 1,0939
-1,1 1,1 1,4278
-1,1 1,2 1,8947
-1,1 1,3 2,5222
-1,1 1,4 3,3403
-1,1 1,5 4,3814
-1,1 1,6 5,6803
-1,1 1,7 7,2742
-1,1 1,8 9,2027
-1,1 1,9 11,5078
-1,1 2 14,2339

-1 -2 13,9
-1 -1,9 11,1739
-1 -1,8 8,8688
-1 -1,7 6,9403
-1 -1,6 5,3464
-1 -1,5 4,0475
-1 -1,4 3,0064
-1 -1,3 2,1883
-1 -1,2 1,5608
-1 -1,1 1,0939
-1 -1 0,76
-1 -0,9 0,5339
-1 -0,8 0,3928
-1 -0,7 0,3163
-1 -0,6 0,2864
-1 -0,5 0,2875
-1 -0,4 0,3064
-1 -0,3 0,3323
-1 -0,2 0,3568
-1 -0,1 0,3739
-1 0 0,38
-1 0,1 0,3739
-1 0,2 0,3568
-1 0,3 0,3323
-1 0,4 0,3064
-1 0,5 0,2875
-1 0,6 0,2864
-1 0,7 0,3163
-1 0,8 0,3928
-1 0,9 0,5339
-1 1 0,76
-1 1,1 1,0939
-1 1,2 1,5608
-1 1,3 2,1883
-1 1,4 3,0064
-1 1,5 4,0475
-1 1,6 5,3464
-1 1,7 6,9403
-1 1,8 8,8688
-1 1,9 11,1739
-1 2 13,9

-0,9 -2 13,6739
-0,9 -1,9 10,9478
-0,9 -1,8 8,6427
-0,9 -1,7 6,7142
-0,9 -1,6 5,1203
-0,9 -1,5 3,8214
-0,9 -1,4 2,7803
-0,9 -1,3 1,9622
-0,9 -1,2 1,3347
-0,9 -1,1 0,8678
-0,9 -1 0,5339
-0,9 -0,9 0,3078
-0,9 -0,8 0,1667
-0,9 -0,7 0,0902
-0,9 -0,6 0,0603
-0,9 -0,5 0,0614
-0,9 -0,4 0,0803
-0,9 -0,3 0,1062
-0,9 -0,2 0,1307
-0,9 -0,1 0,1478
-0,9 0 0,1539
-0,9 0,1 0,1478
-0,9 0,2 0,1307
-0,9 0,3 0,1062
-0,9 0,4 0,0803
-0,9 0,5 0,0614
-0,9 0,6 0,0603
-0,9 0,7 0,0902
-0,9 0,8 0,1667
-0,9 0,9 0,3078
-0,9 1 0,5339
-0,9 1,1 0,8678
-0,9 1,2 1,3347
-0,9 1,3 1,9622
-0,9 1,4 2,7803
-0,9 1,5 3,8214
-0,9 1,6 5,1203
-0,9 1,7 6,7142
-0,9 1,8 8,6427
-0,9 1,9 10,9478
-0,9 2 13,6739

-0,8 -2 13,5328
-0,8 -1,9 10,8067
-0,8 -1,8 8,5016
-0,8 -1,7 6,5731
-0,8 -1,6 4,9792
-0,8 -1,5 3,6803
-0,8 -1,4 2,6392
-0,8 -1,3 1,8211
-0,8 -1,2 1,1936
-0,8 -1,1 0,7267
-0,8 -1 0,3928
-0,8 -0,9 0,1667
-0,8 -0,8 0,0256
-0,8 -0,7 -0,0509
-0,8 -0,6 -0,0808
-0,8 -0,5 -0,0797
-0,8 -0,4 -0,0608
-0,8 -0,3 -0,0349
-0,8 -0,2 -0,0104
-0,8 -0,1 0,0067
-0,8 0 0,0128
-0,8 0,1 0,0067
-0,8 0,2 -0,0104
-0,8 0,3 -0,0349
-0,8 0,4 -0,0608
-0,8 0,5 -0,0797
-0,8 0,6 -0,0808
-0,8 0,7 -0,0509
-0,8 0,8 0,0256
-0,8 0,9 0,1667
-0,8 1 0,3928
-0,8 1,1 0,7267
-0,8 1,2 1,1936
-0,8 1,3 1,8211
-0,8 1,4 2,6392
-0,8 1,5 3,6803
-0,8 1,6 4,9792
-0,8 1,7 6,5731
-0,8 1,8 8,5016
-0,8 1,9 10,8067
-0,8 2 13,5328

-0,7 -2 13,4563
-0,7 -1,9 10,7302
-0,7 -1,8 8,4251
-0,7 -1,7 6,4966
-0,7 -1,6 4,9027
-0,7 -1,5 3,6038
-0,7 -1,4 2,5627
-0,7 -1,3 1,7446
-0,7 -1,2 1,1171
-0,7 -1,1 0,6502
-0,7 -1 0,3163
-0,7 -0,9 0,0902
-0,7 -0,8 -0,0509
-0,7 -0,7 -0,1274
-0,7 -0,6 -0,1573
-0,7 -0,5 -0,1562
-0,7 -0,4 -0,1373
-0,7 -0,3 -0,1114
-0,7 -0,2 -0,0869
-0,7 -0,1 -0,0698
-0,7 0 -0,0637
-0,7 0,1 -0,0698
-0,7 0,2 -0,0869
-0,7 0,3 -0,1114
-0,7 0,4 -0,1373
-0,7 0,5 -0,1562
-0,7 0,6 -0,1573
-0,7 0,7 -0,1274
-0,7 0,8 -0,0509
-0,7 0,9 0,0902
-0,7 1 0,3163
-0,7 1,1 0,6502
-0,7 1,2 1,1171
-0,7 1,3 1,7446
-0,7 1,4 2,5627
-0,7 1,5 3,6038
-0,7 1,6 4,9027
-0,7 1,7 6,4966
-0,7 1,8 8,4251
-0,7 1,9 10,7302
-0,7 2 13,4563

-0,6 -2 13,4264
-0,6 -1,9 10,7003
-0,6 -1,8 8,3952
-0,6 -1,7 6,4667
-0,6 -1,6 4,8728
-0,6 -1,5 3,5739
-0,6 -1,4 2,5328
-0,6 -1,3 1,7147
-0,6 -1,2 1,0872
-0,6 -1,1 0,6203
-0,6 -1 0,2864
-0,6 -0,9 0,0603
-0,6 -0,8 -0,0808
-0,6 -0,7 -0,1573
-0,6 -0,6 -0,1872
-0,6 -0,5 -0,1861
-0,6 -0,4 -0,1672
-0,6 -0,3 -0,1413
-0,6 -0,2 -0,1168
-0,6 -0,1 -0,0997
-0,6 0 -0,0936
-0,6 0,1 -0,0997
-0,6 0,2 -0,1168
-0,6 0,3 -0,1413
-0,6 0,4 -0,1672
-0,6 0,5 -0,1861
-0,6 0,6 -0,1872
-0,6 0,7 -0,1573
-0,6 0,8 -0,0808
-0,6 0,9 0,0603
-0,6 1 0,2864
-0,6 1,1 0,6203
-0,6 1,2 1,0872
-0,6 1,3 1,7147
-0,6 1,4 2,5328
-0,6 1,5 3,5739
-0,6 1,6 4,8728
-0,6 1,7 6,4667
-0,6 1,8 8,3952
-0,6 1,9 10,7003
-0,6 2 13,4264

-0,5 -2 13,4275
-0,5 -1,9 10,7014
-0,5 -1,8 8,3963
-0,5 -1,7 6,4678
-0,5 -1,6 4,8739
-0,5 -1,5 3,575
-0,5 -1,4 2,5339
-0,5 -1,3 1,7158
-0,5 -1,2 1,0883
-0,5 -1,1 0,6214
-0,5 -1 0,2875
-0,5 -0,9 0,0614
-0,5 -0,8 -0,0797
-0,5 -0,7 -0,1562
-0,5 -0,6 -0,1861
-0,5 -0,5 -0,185
-0,5 -0,4 -0,1661
-0,5 -0,3 -0,1402
-0,5 -0,2 -0,1157
-0,5 -0,1 -0,0986
-0,5 0 -0,0925
-0,5 0,1 -0,0986
-0,5 0,2 -0,1157
-0,5 0,3 -0,1402
-0,5 0,4 -0,1661
-0,5 0,5 -0,185
-0,5 0,6 -0,1861
-0,5 0,7 -0,1562
-0,5 0,8 -0,0797
-0,5 0,9 0,0614
-0,5 1 0,2875
-0,5 1,1 0,6214
-0,5 1,2 1,0883
-0,5 1,3 1,7158
-0,5 1,4 2,5339
-0,5 1,5 3,575
-0,5 1,6 4,8739
-0,5 1,7 6,4678
-0,5 1,8 8,3963
-0,5 1,9 10,7014
-0,5 2 13,4275

-0,4 -2 13,4464
-0,4 -1,9 10,7203
-0,4 -1,8 8,4152
-0,4 -1,7 6,4867
-0,4 -1,6 4,8928
-0,4 -1,5 3,5939
-0,4 -1,4 2,5528
-0,4 -1,3 1,7347
-0,4 -1,2 1,1072
-0,4 -1,1 0,6403
-0,4 -1 0,3064
-0,4 -0,9 0,0803
-0,4 -0,8 -0,0608
-0,4 -0,7 -0,1373
-0,4 -0,6 -0,1672
-0,4 -0,5 -0,1661
-0,4 -0,4 -0,1472
-0,4 -0,3 -0,1213
-0,4 -0,2 -0,0968
-0,4 -0,1 -0,0797
-0,4 0 -0,0736
-0,4 0,1 -0,0797
-0,4 0,2 -0,0968
-0,4 0,3 -0,1213
-0,4 0,4 -0,1472
-0,4 0,5 -0,1661
-0,4 0,6 -0,1672
-0,4 0,7 -0,1373
-0,4 0,8 -0,0608
-0,4 0,9 0,0803
-0,4 1 0,3064
-0,4 1,1 0,6403
-0,4 1,2 1,1072
-0,4 1,3 1,7347
-0,4 1,4 2,5528
-0,4 1,5 3,5939
-0,4 1,6 4,8928
-0,4 1,7 6,4867
-0,4 1,8 8,4152
-0,4 1,9 10,7203
-0,4 2 13,4464

-0,3 -2 13,4723
-0,3 -1,9 10,7462
-0,3 -1,8 8,4411
-0,3 -1,7 6,5126
-0,3 -1,6 4,9187
-0,3 -1,5 3,6198
-0,3 -1,4 2,5787
-0,3 -1,3 1,7606
-0,3 -1,2 1,1331
-0,3 -1,1 0,6662
-0,3 -1 0,3323
-0,3 -0,9 0,1062
-0,3 -0,8 -0,0349
-0,3 -0,7 -0,1114
-0,3 -0,6 -0,1413
-0,3 -0,5 -0,1402
-0,3 -0,4 -0,1213
-0,3 -0,3 -0,0954
-0,3 -0,2 -0,0709
-0,3 -0,1 -0,0538
-0,3 0 -0,0477
-0,3 0,1 -0,0538
-0,3 0,2 -0,0709
-0,3 0,3 -0,0954
-0,3 0,4 -0,1213
-0,3 0,5 -0,1402
-0,3 0,6 -0,1413
-0,3 0,7 -0,1114
-0,3 0,8 -0,0349
-0,3 0,9 0,1062
-0,3 1 0,3323
-0,3 1,1 0,6662
-0,3 1,2 1,1331
-0,3 1,3 1,7606
-0,3 1,4 2,5787
-0,3 1,5 3,6198
-0,3 1,6 4,9187
-0,3 1,7 6,5126
-0,3 1,8 8,4411
-0,3 1,9 10,7462
-0,3 2 13,4723

-0,2 -2 13,4968
-0,2 -1,9 10,7707
-0,2 -1,8 8,4656
-0,2 -1,7 6,5371
-0,2 -1,6 4,9432
-0,2 -1,5 3,6443
-0,2 -1,4 2,6032
-0,2 -1,3 1,7851
-0,2 -1,2 1,1576
-0,2 -1,1 0,6907
-0,2 -1 0,3568
-0,2 -0,9 0,1307
-0,2 -0,8 -0,0104
-0,2 -0,7 -0,0869
-0,2 -0,6 -0,1168
-0,2 -0,5 -0,1157
-0,2 -0,4 -0,0968
-0,2 -0,3 -0,0709
-0,2 -0,2 -0,0464
-0,2 -0,1 -0,0293
-0,2 0 -0,0232
-0,2 0,1 -0,0293
-0,2 0,2 -0,0464
-0,2 0,3 -0,0709
-0,2 0,4 -0,0968
-0,2 0,5 -0,1157
-0,2 0,6 -0,1168
-0,2 0,7 -0,0869
-0,2 0,8 -0,0104
-0,2 0,9 0,1307
-0,2 1 0,3568
-0,2 1,1 0,6907
-0,2 1,2 1,1576
-0,2 1,3 1,7851
-0,2 1,4 2,6032
-0,2 1,5 3,6443
-0,2 1,6 4,9432
-0,2 1,7 6,5371
-0,2 1,8 8,4656
-0,2 1,9 10,7707
-0,2 2 13,4968

-0,1 -2 13,5139
-0,1 -1,9 10,7878
-0,1 -1,8 8,4827
-0,1 -1,7 6,5542
-0,1 -1,6 4,9603
-0,1 -1,5 3,6614
-0,1 -1,4 2,6203
-0,1 -1,3 1,8022
-0,1 -1,2 1,1747
-0,1 -1,1 0,7078
-0,1 -1 0,3739
-0,1 -0,9 0,1478
-0,1 -0,8 0,0067
-0,1 -0,7 -0,0698
-0,1 -0,6 -0,0997
-0,1 -0,5 -0,0986
-0,1 -0,4 -0,0797
-0,1 -0,3 -0,0538
-0,1 -0,2 -0,0293
-0,1 -0,1 -0,0122
-0,1 0 -0,0061
-0,1 0,1 -0,0122
-0,1 0,2 -0,0293
-0,1 0,3 -0,0538
-0,1 0,4 -0,0797
-0,1 0,5 -0,0986
-0,1 0,6 -0,0997
-0,1 0,7 -0,0698
-0,1 0,8 0,0067
-0,1 0,9 0,1478
-0,1 1 0,3739
-0,1 1,1 0,7078
-0,1 1,2 1,1747
-0,1 1,3 1,8022
-0,1 1,4 2,6203
-0,1 1,5 3,6614
-0,1 1,6 4,9603
-0,1 1,7 6,5542
-0,1 1,8 8,4827
-0,1 1,9 10,7878
-0,1 2 13,5139

0 -2 13,52
0 -1,9 10,7939
0 -1,8 8,4888
0 -1,7 6,5603
0 -1,6 4,9664
0 -1,5 3,6675
0 -1,4 2,6264
0 -1,3 1,8083
0 -1,2 1,1808
0 -1,1 0,7139
0 -1 0,38
0 -0,9 0,1539
0 -0,8 0,0128
0 -0,7 -0,0637
0 -0,6 -0,0936
0 -0,5 -0,0925
0 -0,4 -0,0736
0 -0,3 -0,0477
0 -0,2 -0,0232
0 -0,1 -0,0061
0 0 0
0 0,1 -0,0061
0 0,2 -0,0232
0 0,3 -0,0477
0 0,4 -0,0736
0 0,5 -0,0925
0 0,6 -0,0936
0 0,7 -0,0637
0 0,8 0,0128
0 0,9 0,1539
0 1 0,38
0 1,1 0,7139
0 1,2 1,1808
0 1,3 1,8083
0 1,4 2,6264
0 1,5 3,6675
0 1,6 4,9664
0 1,7 6,5603
0 1,8 8,4888
0 1,9 10,7939
0 2 13,52

0,1 -2 13,5139
0,1 -1,9 10,7878
0,1 -1,8 8,4827
0,1 -1,7 6,5542
0,1 -1,6 4,9603
0,1 -1,5 3,6614
0,1 -1,4 2,6203
0,1 -1,3 1,8022
0,1 -1,2 1,1747
0,1 -1,1 0,7078
0,1 -1 0,3739
0,1 -0,9 0,1478
0,1 -0,8 0,0067
0,1 -0,7 -0,0698
0,1 -0,6 -0,0997
0,1 -0,5 -0,0986
0,1 -0,4 -0,0797
0,1 -0,3 -0,0538
0,1 -0,2 -0,0293
0,1 -0,1 -0,0122
0,1 0 -0,0061
0,1 0,1 -0,0122
0,1 0,2 -0,0293
0,1 0,3 -0,0538
0,1 0,4 -0,0797
0,1 0,5 -0,0986
0,1 0,6 -0,0997
0,1 0,7 -0,0698
0,1 0,8 0,0067
0,1 0,9 0,1478
0,1 1 0,3739
0,1 1,1 0,7078
0,1 1,2 1,1747
0,1 1,3 1,8022
0,1 1,4 2,6203
0,1 1,5 3,6614
0,1 1,6 4,9603
0,1 1,7 6,5542
0,1 1,8 8,4827
0,1 1,9 10,7878
0,1 2 13,5139

0,2 -2 13,4968
0,2 -1,9 10,7707
0,2 -1,8 8,4656
0,2 -1,7 6,5371
0,2 -1,6 4,9432
0,2 -1,5 3,6443
0,2 -1,4 2,6032
0,2 -1,3 1,7851
0,2 -1,2 1,1576
0,2 -1,1 0,6907
0,2 -1 0,3568
0,2 -0,9 0,1307
0,2 -0,8 -0,0104
0,2 -0,7 -0,0869
0,2 -0,6 -0,1168
0,2 -0,5 -0,1157
0,2 -0,4 -0,0968
0,2 -0,3 -0,0709
0,2 -0,2 -0,0464
0,2 -0,1 -0,0293
0,2 0 -0,0232
0,2 0,1 -0,0293
0,2 0,2 -0,0464
0,2 0,3 -0,0709
0,2 0,4 -0,0968
0,2 0,5 -0,1157
0,2 0,6 -0,1168
0,2 0,7 -0,0869
0,2 0,8 -0,0104
0,2 0,9 0,1307
0,2 1 0,3568
0,2 1,1 0,6907
0,2 1,2 1,1576
0,2 1,3 1,7851
0,2 1,4 2,6032
0,2 1,5 3,6443
0,2 1,6 4,9432
0,2 1,7 6,5371
0,2 1,8 8,4656
0,2 1,9 10,7707
0,2 2 13,4968

0,3 -2 13,4723
0,3 -1,9 10,7462
0,3 -1,8 8,4411
0,3 -1,7 6,5126
0,3 -1,6 4,9187
0,3 -1,5 3,6198
0,3 -1,4 2,5787
0,3 -1,3 1,7606
0,3 -1,2 1,1331
0,3 -1,1 0,6662
0,3 -1 0,3323
0,3 -0,9 0,1062
0,3 -0,8 -0,0349
0,3 -0,7 -0,1114
0,3 -0,6 -0,1413
0,3 -0,5 -0,1402
0,3 -0,4 -0,1213
0,3 -0,3 -0,0954
0,3 -0,2 -0,0709
0,3 -0,1 -0,0538
0,3 0 -0,0477
0,3 0,1 -0,0538
0,3 0,2 -0,0709
0,3 0,3 -0,0954
0,3 0,4 -0,1213
0,3 0,5 -0,1402
0,3 0,6 -0,1413
0,3 0,7 -0,1114
0,3 0,8 -0,0349
0,3 0,9 0,1062
0,3 1 0,3323
0,3 1,1 0,6662
0,3 1,2 1,1331
0,3 1,3 1,7606
0,3 1,4 2,5787
0,3 1,5 3,6198
0,3 1,6 4,9187
0,3 1,7 6,5126
0,3 1,8 8,4411
0,3 1,9 10,7462
0,3 2 13,4723

0,4 -2 13,4464
0,4 -1,9 10,7203
0,4 -1,8 8,4152
0,4 -1,7 6,4867
0,4 -1,6 4,8928
0,4 -1,5 3,5939
0,4 -1,4 2,5528
0,4 -1,3 1,7347
0,4 -1,2 1,1072
0,4 -1,1 0,6403
0,4 -1 0,3064
0,4 -0,9 0,0803
0,4 -0,8 -0,0608
0,4 -0,7 -0,1373
0,4 -0,6 -0,1672
0,4 -0,5 -0,1661
0,4 -0,4 -0,1472
0,4 -0,3 -0,1213
0,4 -0,2 -0,0968
0,4 -0,1 -0,0797
0,4 0 -0,0736
0,4 0,1 -0,0797
0,4 0,2 -0,0968
0,4 0,3 -0,1213
0,4 0,4 -0,1472
0,4 0,5 -0,1661
0,4 0,6 -0,1672
0,4 0,7 -0,1373
0,4 0,8 -0,0608
0,4 0,9 0,0803
0,4 1 0,3064
0,4 1,1 0,6403
0,4 1,2 1,1072
0,4 1,3 1,7347
0,4 1,4 2,5528
0,4 1,5 3,5939
0,4 1,6 4,8928
0,4 1,7 6,4867
0,4 1,8 8,4152
0,4 1,9 10,7203
0,4 2 13,4464

0,5 -2 13,4275
0,5 -1,9 10,7014
0,5 -1,8 8,3963
0,5 -1,7 6,4678
0,5 -1,6 4,8739
0,5 -1,5 3,575
0,5 -1,4 2,5339
0,5 -1,3 1,7158
0,5 -1,2 1,0883
0,5 -1,1 0,6214
0,5 -1 0,2875
0,5 -0,9 0,0614
0,5 -0,8 -0,0797
0,5 -0,7 -0,1562
0,5 -0,6 -0,1861
0,5 -0,5 -0,185
0,5 -0,4 -0,1661
0,5 -0,3 -0,1402
0,5 -0,2 -0,1157
0,5 -0,1 -0,0986
0,5 0 -0,0925
0,5 0,1 -0,0986
0,5 0,2 -0,1157
0,5 0,3 -0,1402
0,5 0,4 -0,1661
0,5 0,5 -0,185
0,5 0,6 -0,1861
0,5 0,7 -0,1562
0,5 0,8 -0,0797
0,5 0,9 0,0614
0,5 1 0,2875
0,5 1,1 0,6214
0,5 1,2 1,0883
0,5 1,3 1,7158
0,5 1,4 2,5339
0,5 1,5 3,575
0,5 1,6 4,8739
0,5 1,7 6,4678
0,5 1,8 8,3963
0,5 1,9 10,7014
0,5 2 13,4275

0,6 -2 13,4264
0,6 -1,9 10,7003
0,6 -1,8 8,3952
0,6 -1,7 6,4667
0,6 -1,6 4,8728
0,6 -1,5 3,5739
0,6 -1,4 2,5328
0,6 -1,3 1,7147
0,6 -1,2 1,0872
0,6 -1,1 0,6203
0,6 -1 0,2864
0,6 -0,9 0,0603
0,6 -0,8 -0,0808
0,6 -0,7 -0,1573
0,6 -0,6 -0,1872
0,6 -0,5 -0,1861
0,6 -0,4 -0,1672
0,6 -0,3 -0,1413
0,6 -0,2 -0,1168
0,6 -0,1 -0,0997
0,6 0 -0,0936
0,6 0,1 -0,0997
0,6 0,2 -0,1168
0,6 0,3 -0,1413
0,6 0,4 -0,1672
0,6 0,5 -0,1861
0,6 0,6 -0,1872
0,6 0,7 -0,1573
0,6 0,8 -0,0808
0,6 0,9 0,0603
0,6 1 0,2864
0,6 1,1 0,6203
0,6 1,2 1,0872
0,6 1,3 1,7147
0,6 1,4 2,5328
0,6 1,5 3,5739
0,6 1,6 4,8728
0,6 1,7 6,4667
0,6 1,8 8,3952
0,6 1,9 10,7003
0,6 2 13,4264

0,7 -2 13,4563
0,7 -1,9 10,7302
0,7 -1,8 8,4251
0,7 -1,7 6,4966
0,7 -1,6 4,9027
0,7 -1,5 3,6038
0,7 -1,4 2,5627
0,7 -1,3 1,7446
0,7 -1,2 1,1171
0,7 -1,1 0,6502
0,7 -1 0,3163
0,7 -0,9 0,0902
0,7 -0,8 -0,0509
0,7 -0,7 -0,1274
0,7 -0,6 -0,1573
0,7 -0,5 -0,1562
0,7 -0,4 -0,1373
0,7 -0,3 -0,1114
0,7 -0,2 -0,0869
0,7 -0,1 -0,0698
0,7 0 -0,0637
0,7 0,1 -0,0698
0,7 0,2 -0,0869
0,7 0,3 -0,1114
0,7 0,4 -0,1373
0,7 0,5 -0,1562
0,7 0,6 -0,1573
0,7 0,7 -0,1274
0,7 0,8 -0,0509
0,7 0,9 0,0902
0,7 1 0,3163
0,7 1,1 0,6502
0,7 1,2 1,1171
0,7 1,3 1,7446
0,7 1,4 2,5627
0,7 1,5 3,6038
0,7 1,6 4,9027
0,7 1,7 6,4966
0,7 1,8 8,4251
0,7 1,9 10,7302
0,7 2 13,4563

0,8 -2 13,5328
0,8 -1,9 10,8067
0,8 -1,8 8,5016
0,8 -1,7 6,5731
0,8 -1,6 4,9792
0,8 -1,5 3,6803
0,8 -1,4 2,6392
0,8 -1,3 1,8211
0,8 -1,2 1,1936
0,8 -1,1 0,7267
0,8 -1 0,3928
0,8 -0,9 0,1667
0,8 -0,8 0,0256
0,8 -0,7 -0,0509
0,8 -0,6 -0,0808
0,8 -0,5 -0,0797
0,8 -0,4 -0,0608
0,8 -0,3 -0,0349
0,8 -0,2 -0,0104
0,8 -0,1 0,0067
0,8 0 0,0128
0,8 0,1 0,0067
0,8 0,2 -0,0104
0,8 0,3 -0,0349
0,8 0,4 -0,0608
0,8 0,5 -0,0797
0,8 0,6 -0,0808
0,8 0,7 -0,0509
0,8 0,8 0,0256
0,8 0,9 0,1667
0,8 1 0,3928
0,8 1,1 0,7267
0,8 1,2 1,1936
0,8 1,3 1,8211
0,8 1,4 2,6392
0,8 1,5 3,6803
0,8 1,6 4,9792
0,8 1,7 6,5731
0,8 1,8 8,5016
0,8 1,9 10,8067
0,8 2 13,5328

0,9 -2 13,6739
0,9 -1,9 10,9478
0,9 -1,8 8,6427
0,9 -1,7 6,7142
0,9 -1,6 5,1203
0,9 -1,5 3,8214
0,9 -1,4 2,7803
0,9 -1,3 1,9622
0,9 -1,2 1,3347
0,9 -1,1 0,8678
0,9 -1 0,5339
0,9 -0,9 0,3078
0,9 -0,8 0,1667
0,9 -0,7 0,0902
0,9 -0,6 0,0603
0,9 -0,5 0,0614
0,9 -0,4 0,0803
0,9 -0,3 0,1062
0,9 -0,2 0,1307
0,9 -0,1 0,1478
0,9 0 0,1539
0,9 0,1 0,1478
0,9 0,2 0,1307
0,9 0,3 0,1062
0,9 0,4 0,0803
0,9 0,5 0,0614
0,9 0,6 0,0603
0,9 0,7 0,0902
0,9 0,8 0,1667
0,9 0,9 0,3078
0,9 1 0,5339
0,9 1,1 0,8678
0,9 1,2 1,3347
0,9 1,3 1,9622
0,9 1,4 2,7803
0,9 1,5 3,8214
0,9 1,6 5,1203
0,9 1,7 6,7142
0,9 1,8 8,6427
0,9 1,9 10,9478
0,9 2 13,6739

1 -2 13,9
1 -1,9 11,1739
1 -1,8 8,8688
1 -1,7 6,9403
1 -1,6 5,3464
1 -1,5 4,0475
1 -1,4 3,0064
1 -1,3 2,1883
1 -1,2 1,5608
1 -1,1 1,0939
1 -1 0,76
1 -0,9 0,5339
1 -0,8 0,3928
1 -0,7 0,3163
1 -0,6 0,2864
1 -0,5 0,2875
1 -0,4 0,3064
1 -0,3 0,3323
1 -0,2 0,3568
1 -0,1 0,3739
1 0 0,38
1 0,1 0,3739
1 0,2 0,3568
1 0,3 0,3323
1 0,4 0,3064
1 0,5 0,2875
1 0,6 0,2864
1 0,7 0,3163
1 0,8 0,3928
1 0,9 0,5339
1 1 0,76
1 1,1 1,0939
1 1,2 1,5608
1 1,3 2,1883
1 1,4 3,0064
1 1,5 4,0475
1 1,6 5,3464
1 1,7 6,9403
1 1,8 8,8688
1 1,9 11,1739
1 2 13,9

1,1 -2 14,2339
1,1 -1,9 11,5078
1,1 -1,8 9,2027
1,1 -1,7 7,2742
1,1 -1,6 5,6803
1,1 -1,5 4,3814
1,1 -1,4 3,3403
1,1 -1,3 2,5222
1,1 -1,2 1,8947
1,1 -1,1 1,4278
1,1 -1 1,0939
1,1 -0,9 0,8678
1,1 -0,8 0,7267
1,1 -0,7 0,6502
1,1 -0,6 0,6203
1,1 -0,5 0,6214
1,1 -0,4 0,6403
1,1 -0,3 0,6662
1,1 -0,2 0,6907
1,1 -0,1 0,7078
1,1 0 0,7139
1,1 0,1 0,7078
1,1 0,2 0,6907
1,1 0,3 0,6662
1,1 0,4 0,6403
1,1 0,5 0,6214
1,1 0,6 0,6203
1,1 0,7 0,6502
1,1 0,8 0,7267
1,1 0,9 0,8678
1,1 1 1,0939
1,1 1,1 1,4278
1,1 1,2 1,8947
1,1 1,3 2,5222
1,1 1,4 3,3403
1,1 1,5 4,3814
1,1 1,6 5,6803
1,1 1,7 7,2742
1,1 1,8 9,2027
1,1 1,9 11,5078
1,1 2 14,2339

1,2 -2 14,7008
1,2 -1,9 11,9747
1,2 -1,8 9,6696
1,2 -1,7 7,7411
1,2 -1,6 6,1472
1,2 -1,5 4,8483
1,2 -1,4 3,8072
1,2 -1,3 2,9891
1,2 -1,2 2,3616
1,2 -1,1 1,8947
1,2 -1 1,5608
1,2 -0,9 1,3347
1,2 -0,8 1,1936
1,2 -0,7 1,1171
1,2 -0,6 1,0872
1,2 -0,5 1,0883
1,2 -0,4 1,1072
1,2 -0,3 1,1331
1,2 -0,2 1,1576
1,2 -0,1 1,1747
1,2 0 1,1808
1,2 0,1 1,1747
1,2 0,2 1,1576
1,2 0,3 1,1331
1,2 0,4 1,1072
1,2 0,5 1,0883
1,2 0,6 1,0872
1,2 0,7 1,1171
1,2 0,8 1,1936
1,2 0,9 1,3347
1,2 1 1,5608
1,2 1,1 1,8947
1,2 1,2 2,3616
1,2 1,3 2,9891
1,2 1,4 3,8072
1,2 1,5 4,8483
1,2 1,6 6,1472
1,2 1,7 7,7411
1,2 1,8 9,6696
1,2 1,9 11,9747
1,2 2 14,7008

1,3 -2 15,3283
1,3 -1,9 12,6022
1,3 -1,8 10,2971
1,3 -1,7 8,3686
1,3 -1,6 6,7747
1,3 -1,5 5,4758
1,3 -1,4 4,4347
1,3 -1,3 3,6166
1,3 -1,2 2,9891
1,3 -1,1 2,5222
1,3 -1 2,1883
1,3 -0,9 1,9622
1,3 -0,8 1,8211
1,3 -0,7 1,7446
1,3 -0,6 1,7147
1,3 -0,5 1,7158
1,3 -0,4 1,7347
1,3 -0,3 1,7606
1,3 -0,2 1,7851
1,3 -0,1 1,8022
1,3 0 1,8083
1,3 0,1 1,8022
1,3 0,2 1,7851
1,3 0,3 1,7606
1,3 0,4 1,7347
1,3 0,5 1,7158
1,3 0,6 1,7147
1,3 0,7 1,7446
1,3 0,8 1,8211
1,3 0,9 1,9622
1,3 1 2,1883
1,3 1,1 2,5222
1,3 1,2 2,9891
1,3 1,3 3,6166
1,3 1,4 4,4347
1,3 1,5 5,4758
1,3 1,6 6,7747
1,3 1,7 8,3686
1,3 1,8 10,2971
1,3 1,9 12,6022
1,3 2 15,3283

1,4 -2 16,1464
1,4 -1,9 13,4203
1,4 -1,8 11,1152
1,4 -1,7 9,1867
1,4 -1,6 7,5928
1,4 -1,5 6,2939
1,4 -1,4 5,2528
1,4 -1,3 4,4347
1,4 -1,2 3,8072
1,4 -1,1 3,3403
1,4 -1 3,0064
1,4 -0,9 2,7803
1,4 -0,8 2,6392
1,4 -0,7 2,5627
1,4 -0,6 2,5328
1,4 -0,5 2,5339
1,4 -0,4 2,5528
1,4 -0,3 2,5787
1,4 -0,2 2,6032
1,4 -0,1 2,6203
1,4 0 2,6264
1,4 0,1 2,6203
1,4 0,2 2,6032
1,4 0,3 2,5787
1,4 0,4 2,5528
1,4 0,5 2,5339
1,4 0,6 2,5328
1,4 0,7 2,5627
1,4 0,8 2,6392
1,4 0,9 2,7803
1,4 1 3,0064
1,4 1,1 3,3403
1,4 1,2 3,8072
1,4 1,3 4,4347
1,4 1,4 5,2528
1,4 1,5 6,2939
1,4 1,6 7,5928
1,4 1,7 9,1867
1,4 1,8 11,1152
1,4 1,9 13,4203
1,4 2 16,1464

1,5 -2 17,1875
1,5 -1,9 14,4614
1,5 -1,8 12,1563
1,5 -1,7 10,2278
1,5 -1,6 8,6339
1,5 -1,5 7,335
1,5 -1,4 6,2939
1,5 -1,3 5,4758
1,5 -1,2 4,8483
1,5 -1,1 4,3814
1,5 -1 4,0475
1,5 -0,9 3,8214
1,5 -0,8 3,6803
1,5 -0,7 3,6038
1,5 -0,6 3,5739
1,5 -0,5 3,575
1,5 -0,4 3,5939
1,5 -0,3 3,6198
1,5 -0,2 3,6443
1,5 -0,1 3,6614
1,5 0 3,6675
1,5 0,1 3,6614
1,5 0,2 3,6443
1,5 0,3 3,6198
1,5 0,4 3,5939
1,5 0,5 3,575
1,5 0,6 3,5739
1,5 0,7 3,6038
1,5 0,8 3,6803
1,5 0,9 3,8214
1,5 1 4,0475
1,5 1,1 4,3814
1,5 1,2 4,8483
1,5 1,3 5,4758
1,5 1,4 6,2939
1,5 1,5 7,335
1,5 1,6 8,6339
1,5 1,7 10,2278
1,5 1,8 12,1563
1,5 1,9 14,4614
1,5 2 17,1875

1,6 -2 18,4864
1,6 -1,9 15,7603
1,6 -1,8 13,4552
1,6 -1,7 11,5267
1,6 -1,6 9,9328
1,6 -1,5 8,6339
1,6 -1,4 7,5928
1,6 -1,3 6,7747
1,6 -1,2 6,1472
1,6 -1,1 5,6803
1,6 -1 5,3464
1,6 -0,9 5,1203
1,6 -0,8 4,9792
1,6 -0,7 4,9027
1,6 -0,6 4,8728
1,6 -0,5 4,8739
1,6 -0,4 4,8928
1,6 -0,3 4,9187
1,6 -0,2 4,9432
1,6 -0,1 4,9603
1,6 0 4,9664
1,6 0,1 4,9603
1,6 0,2 4,9432
1,6 0,3 4,9187
1,6 0,4 4,8928
1,6 0,5 4,8739
1,6 0,6 4,8728
1,6 0,7 4,9027
1,6 0,8 4,9792
1,6 0,9 5,1203
1,6 1 5,3464
1,6 1,1 5,6803
1,6 1,2 6,1472
1,6 1,3 6,7747
1,6 1,4 7,5928
1,6 1,5 8,6339
1,6 1,6 9,9328
1,6 1,7 11,5267
1,6 1,8 13,4552
1,6 1,9 15,7603
1,6 2 18,4864

1,7 -2 20,0803
1,7 -1,9 17,3542
1,7 -1,8 15,0491
1,7 -1,7 13,1206
1,7 -1,6 11,5267
1,7 -1,5 10,2278
1,7 -1,4 9,1867
1,7 -1,3 8,3686
1,7 -1,2 7,7411
1,7 -1,1 7,2742
1,7 -1 6,9403
1,7 -0,9 6,7142
1,7 -0,8 6,5731
1,7 -0,7 6,4966
1,7 -0,6 6,4667
1,7 -0,5 6,4678
1,7 -0,4 6,4867
1,7 -0,3 6,5126
1,7 -0,2 6,5371
1,7 -0,1 6,5542
1,7 0 6,5603
1,7 0,1 6,5542
1,7 0,2 6,5371
1,7 0,3 6,5126
1,7 0,4 6,4867
1,7 0,5 6,4678
1,7 0,6 6,4667
1,7 0,7 6,4966
1,7 0,8 6,5731
1,7 0,9 6,7142
1,7 1 6,9403
1,7 1,1 7,2742
1,7 1,2 7,7411
1,7 1,3 8,3686
1,7 1,4 9,1867
1,7 1,5 10,2278
1,7 1,6 11,5267
1,7 1,7 13,1206
1,7 1,8 15,0491
1,7 1,9 17,3542
1,7 2 20,0803

1,8 -2 22,0088
1,8 -1,9 19,2827
1,8 -1,8 16,9776
1,8 -1,7 15,0491
1,8 -1,6 13,4552
1,8 -1,5 12,1563
1,8 -1,4 11,1152
1,8 -1,3 10,2971
1,8 -1,2 9,6696
1,8 -1,1 9,2027
1,8 -1 8,8688
1,8 -0,9 8,6427
1,8 -0,8 8,5016
1,8 -0,7 8,4251
1,8 -0,6 8,3952
1,8 -0,5 8,3963
1,8 -0,4 8,4152
1,8 -0,3 8,4411
1,8 -0,2 8,4656
1,8 -0,1 8,4827
1,8 0 8,4888
1,8 0,1 8,4827
1,8 0,2 8,4656
1,8 0,3 8,4411
1,8 0,4 8,4152
1,8 0,5 8,3963
1,8 0,6 8,3952
1,8 0,7 8,4251
1,8 0,8 8,5016
1,8 0,9 8,6427
1,8 1 8,8688
1,8 1,1 9,2027
1,8 1,2 9,6696
1,8 1,3 10,2971
1,8 1,4 11,1152
1,8 1,5 12,1563
1,8 1,6 13,4552
1,8 1,7 15,0491
1,8 1,8 16,9776
1,8 1,9 19,2827
1,8 2 22,0088

1,9 -2 24,3139
1,9 -1,9 21,5878
1,9 -1,8 19,2827
1,9 -1,7 17,3542
1,9 -1,6 15,7603
1,9 -1,5 14,4614
1,9 -1,4 13,4203
1,9 -1,3 12,6022
1,9 -1,2 11,9747
1,9 -1,1 11,5078
1,9 -1 11,1739
1,9 -0,9 10,9478
1,9 -0,8 10,8067
1,9 -0,7 10,7302
1,9 -0,6 10,7003
1,9 -0,5 10,7014
1,9 -0,4 10,7203
1,9 -0,3 10,7462
1,9 -0,2 10,7707
1,9 -0,1 10,7878
1,9 0 10,7939
1,9 0,1 10,7878
1,9 0,2 10,7707
1,9 0,3 10,7462
1,9 0,4 10,7203
1,9 0,5 10,7014
1,9 0,6 10,7003
1,9 0,7 10,7302
1,9 0,8 10,8067
1,9 0,9 10,9478
1,9 1 11,1739
1,9 1,1 11,5078
1,9 1,2 11,9747
1,9 1,3 12,6022
1,9 1,4 13,4203
1,9 1,5 14,4614
1,9 1,6 15,7603
1,9 1,7 17,3542
1,9 1,8 19,2827
1,9 1,9 21,5878
1,9 2 24,3139

2 -2 27,04
2 -1,9 24,3139
2 -1,8 22,0088
2 -1,7 20,0803
2 -1,6 18,4864
2 -1,5 17,1875
2 -1,4 16,1464
2 -1,3 15,3283
2 -1,2 14,7008
2 -1,1 14,2339
2 -1 13,9
2 -0,9 13,6739
2 -0,8 13,5328
2 -0,7 13,4563
2 -0,6 13,4264
2 -0,5 13,4275
2 -0,4 13,4464
2 -0,3 13,4723
2 -0,2 13,4968
2 -0,1 13,5139
2 0 13,52
2 0,1 13,5139
2 0,2 13,4968
2 0,3 13,4723
2 0,4 13,4464
2 0,5 13,4275
2 0,6 13,4264
2 0,7 13,4563
2 0,8 13,5328
2 0,9 13,6739
2 1 13,9
2 1,1 14,2339
2 1,2 14,7008
2 1,3 15,3283
2 1,4 16,1464
2 1,5 17,1875
2 1,6 18,4864
2 1,7 20,0803
2 1,8 22,0088
2 1,9 24,3139
2 2 27,04

